750
56
122
14
16
17
33
42
43
135
141
192
194
210
220
268
276
282
308
317
333
420
448
477
493
505
506
569
602
626
639
642
646
649
691
694
722
734
748
766
780
784
948
959
859
971
989
107
110
74
112
132
170
205
164
176
230
235
258
293
316
323
325
326
334
340
354
374
379
351
357
397
431
441
515
531
538
556
575
592
621
647
655
678
730
738
747
767
772
741
764
829
843
848
854
914
938
955
966
976
1
45
75
77
121
136
174
184
186
209
239
298
303
312
315
332
342
356
378
346
377
380
453
486
412
425
489
491
519
520
540
574
611
652
658
667
672
680
690
692
702
733
778
785
713
742
790
791
807
809
819
822
823
826
842
869
874
893
895
917
983
7
24
29
62
63
100
140
177
193
212
240
274
283
213
222
309
319
439
440
446
473
514
536
560
565
591
593
640
656
682
727
776
787
693
724
811
839
849
804
827
850
851
875
908
925
931
933
975
997
39
60
73
142
178
203
225
229
232
233
255
261
267
278
279
284
299
311
328
358
362
369
396
400
406
421
430
442
460
483
526
597
605
669
596
604
687
719
754
786
815
821
852
863
865
886
922
978
3
906
935
25
41
111
120
159
189
245
272
251
347
391
393
435
352
361
436
502
516
533
554
570
584
610
650
663
671
707
708
718
743
812
820
831
844
845
870
878
888
921
944
970
987
998
9
21
35
48
70
98
106
202
265
292
167
208
305
389
456
462
463
500
507
530
499
532
549
614
627
594
613
688
712
736
641
860
896
900
905
907
926
936
986
992
951
4
11
23
81
5
34
90
103
139
89
92
148
228
281
166
296
313
349
360
302
348
364
370
429
411
423
433
450
457
451
467
479
485
504
509
539
541
616
629
551
644
648
677
704
679
729
755
756
757
768
777
830
855
864
792
803
880
887
963
899
923
13
38
50
972
19
87
145
187
149
181
201
216
247
211
254
275
287
300
277
301
320
329
367
381
387
404
468
480
508
555
576
606
623
559
561
654
746
775
706
739
877
889
913
799
867
924
942
950
939
954
994
22
28
964
78
83
109
113
125
127
154
179
196
197
217
241
286
294
219
260
314
416
472
488
497
546
550
557
567
588
723
725
728
638
645
732
761
771
745
779
836
890
969
802
962
8 36
15 47
20 61
27 65
51 76
88 95
91 96
108 123
94 102
114 126
118 160
169 168
204 172
162 163
183 171
242 198
262 234
263 238
249 226
289 250
341 288
372 353
392 375
339 266
344 338
408 465
470 495
471 501
409 478
469 492
511 503
553 579
581 582
521 517
543 563
615 585
619 590
661 595
721 651
744 657
796 711
797 715
814 753
795 684
837 758
847 769
861 774
995 818
894 810
10 834
31 876
67 949
101 957
26 838
44 930
150 965
155 996
195 2
105 958
153 967
200 46
243 55
256 59
386 71
401 116
413 143
415 218
438 223
402 128
447 271
458 280
475 359
513 385
461 331
481 366
524 428
620 529
665 545
522 390
617 464
686 580
714 599
740 628
670 577
735 601
813 710
817 759
846 816
751 709
840 789
856 871
885 911
960 919
873 882
929 918
993 990
49 0
52 37
982 927
991 934
72 57
99 58
130 66
133 82
137 85
231 131
236 158
270 161
138 119
304 206
307 214
318 215
368 246
327 224
376 248
383 257
394 269
410 335
422 337
424 343
452 432
454 484
455 487
444 384
482 498
494 510
537 535
544 607
674 608
701 630
716 632
726 633
765 636
703 631
770 637
800 660
808 666
858 676
832 668
881 698
912 717
956 731
977 773
932 720
988 781
30 806
32 824
40 828
12 793
80 868
93 897
129 928
134 961
115 910
144 981
156 68
182 86
188 117
147 64
157 69
285 185
297 191
321 237
259 175
330 264
345 291
371 295
407 395
388 310
414 399
443 417
490 419
518 466
525 476
562 527
583 552
612 586
625 589
571 542
572 548
653 634
675 659
697 673
643 618
662 635
705 683
760 685
801 752
794 700
825 762
835 788
841 883
862 898
833 782
853 884
891 904
903 909
915 940
872 901
937 941
947 946
953 968
984 974
6 979
18 53
124 54
146 79
165 97
151 84
173 104
199 152
227 180
244 190
252 207
273 221
290 253
336 306
350 322
355 324
365 363
373 398
382 403
405 418
426 427
434 445
437 449
528 523
534 558
459 496
474 512
547 564
566 568
573 578
609 587
622 598
681 696
689 699
695 749
624 600
664 603
737 750
763 783
805 798
857 892
866 902
943 980
952 985
973 999
879 916
920 945
